EPSG:4326
DSC06168.jpg -78.69809128 35.72773663 179.49 0.147352 0.0137609 -3.05065
DSC06169.jpg -78.69807484 35.72753443 177.82 0.0312571 -0.0901053 -3.09326
DSC06170.jpg -78.69806281 35.72730477 178.38 -0.00108878 -0.160374 -3.10314
DSC06171.jpg -78.69804887 35.72704824 179.60 0.0185454 -0.112879 -3.08937
DSC06172.jpg -78.69803863 35.72686223 180.59 -0.0862484 -0.0243818 -3.05735
DSC06173.jpg -78.69802443 35.72662641 180.23 -0.00697062 -0.0626593 -3.06077
DSC06190.jpg -78.69769323 35.72660658 174.62 -5.36507 -1.16107 -2.61722
DSC06191.jpg -78.69770403 35.72678419 177.26 -5.14291 -1.45129 -2.89675
DSC06192.jpg -78.69772110 35.72703724 178.93 -4.70071 0.700796 -3.90214
DSC06193.jpg -78.69773347 35.72724613 180.04 -4.78347 3.51432 -1.61409
DSC06194.jpg -78.69774708 35.72744295 180.67 -5.30199 1.47256 -2.74368
DSC06195.jpg -78.69776483 35.72765308 182.12 -4.42115 -2.97538 -3.08988
DSC06196.jpg -78.69777624 35.72782455 183.60 -4.95287 -0.403539 -3.69114
DSC06225.jpg -78.69739340 35.72788596 180.75 0.0800281 -0.156638 -3.02824
DSC06226.jpg -78.69737463 35.72763868 181.02 0.154188 -0.116291 -3.10202
DSC06227.jpg -78.69736064 35.72744792 181.30 0.115492 -0.146648 -3.07579
DSC06228.jpg -78.69734741 35.72716788 181.58 0.0387282 -0.199746 -3.04951
DSC06229.jpg -78.69733991 35.72693612 181.47 0.0252148 -0.153071 -3.13403
DSC06230.jpg -78.69733052 35.72671438 181.01 -0.0593152 -0.158281 -3.08316
DSC06250.jpg -78.69700512 35.72671321 177.43 -6.17915 -0.303619 -0.0863769
DSC06251.jpg -78.69700944 35.72694098 177.18 -5.18581 3.18348 -1.15876
DSC06252.jpg -78.69701809 35.72711561 176.93 -5.49371 1.59281 -2.40648
DSC06253.jpg -78.69702803 35.72730612 176.49 -4.62819 1.48577 -3.85698
DSC06254.jpg -78.69703461 35.72749463 174.38 -5.04514 2.79097 -2.3148
DSC06255.jpg -78.69704275 35.72768263 173.10 -4.2465 1.43012 -4.24796
DSC06256.jpg -78.69705357 35.72788160 173.59 -5.34222 1.69595 -2.32325
DSC06284.jpg -78.69669571 35.72783330 176.61 0.0671185 -0.253524 -3.07461
DSC06285.jpg -78.69667854 35.72758325 177.04 0.041549 -0.221194 -3.09349
DSC06286.jpg -78.69666455 35.72733272 177.67 -0.00478103 -0.226168 -3.10825
DSC06287.jpg -78.69665359 35.72709560 178.29 -0.0498158 -0.249955 -3.08835
DSC06288.jpg -78.69663640 35.72679544 179.26 -0.0537968 -0.241437 -3.09531
DSC06308.jpg -78.69634219 35.72666720 181.15 -5.20306 0.161416 -3.15689
DSC06309.jpg -78.69636502 35.72685130 183.04 -1.24348 -1.88247 -5.72048
DSC06310.jpg -78.69638239 35.72702331 183.67 -1.20151 -5.22858 -3.0053
DSC06311.jpg -78.69639304 35.72720863 183.04 -0.61904 -5.08018 -3.50149
DSC06312.jpg -78.69639603 35.72736156 181.82 2.75313 -4.59863 -3.17885
DSC06313.jpg -78.69639627 35.72753271 179.60 6.15116 0.548744 -0.890124
DSC06314.jpg -78.69639321 35.72772531 175.21 -0.0201777 -0.054036 -0.0123975
DSC06315.jpg -78.69639207 35.72792727 172.16 0.00140005 -0.124152 -0.0263637
DSC06343.jpg -78.69602728 35.72785021 178.80 0.0201799 -0.142726 -3.09489
DSC06344.jpg -78.69600840 35.72761266 178.54 0.063325 -0.190469 -3.05388
DSC06345.jpg -78.69599103 35.72738752 178.35 0.0801842 -0.205011 -3.07298
DSC06346.jpg -78.69597526 35.72715846 178.17 0.0727357 -0.161645 -3.08064
DSC06347.jpg -78.69596057 35.72692233 177.98 0.00536742 -0.141568 -3.09066
DSC06348.jpg -78.69594326 35.72667129 177.80 -0.0126998 -0.144034 -3.08722
DSC06368.jpg -78.69562907 35.72666875 178.22 -4.18081 3.01238 -3.44107
DSC06369.jpg -78.69563611 35.72684435 178.51 -4.52889 3.97205 -1.481
DSC06370.jpg -78.69565036 35.72703863 178.54 -1.89135 1.41057 -5.72214
DSC06371.jpg -78.69566390 35.72720517 178.04 -0.993293 -2.98309 -5.26409
DSC06372.jpg -78.69567569 35.72739482 177.43 -3.96751 -2.05676 -4.27414
DSC06373.jpg -78.69568596 35.72760788 176.75 -4.74865 3.1446 -2.35732
DSC06374.jpg -78.69569928 35.72782205 177.06 -4.8046 1.03871 -3.66148
DSC06402.jpg -78.69534489 35.72781444 178.75 0.0284542 -0.0683666 -3.07752
DSC06403.jpg -78.69532716 35.72756668 178.04 0.00386201 -0.0195252 -3.08678
DSC06404.jpg -78.69531133 35.72735358 176.82 -0.0278298 -0.0692685 -3.07058
DSC06405.jpg -78.69528914 35.72710895 175.15 0.0598494 -0.130505 -3.07324
DSC06406.jpg -78.69526310 35.72684711 175.12 0.0495773 -0.239498 -3.06566
DSC06428.jpg -78.69492803 35.72670587 172.60 -5.9853 0.929139 -1.19007
DSC06429.jpg -78.69493465 35.72689936 171.77 -5.65445 1.71436 -1.68493
DSC06430.jpg -78.69494483 35.72711152 172.18 -5.46923 1.74887 -2.16083
DSC06431.jpg -78.69495881 35.72733000 172.68 -5.69499 0.91769 -2.05625
DSC06432.jpg -78.69497028 35.72749367 173.49 -5.9021 -0.921581 -1.36144
DSC06433.jpg -78.69498398 35.72768423 174.76 -5.31815 0.534358 -2.94644
DSC06434.jpg -78.69500362 35.72792547 175.99 -5.10019 -1.08656 -3.18783
DSC06451.jpg -78.69465875 35.72786956 179.82 0.117584 -0.143622 -3.08907
DSC06452.jpg -78.69463634 35.72761440 180.65 -0.05413 -0.125074 -3.14978
DSC06453.jpg -78.69461728 35.72737194 182.26 -0.0713996 -0.0815878 -3.13774
DSC06454.jpg -78.69459658 35.72714753 182.10 0.0634889 -0.055442 -3.07319
DSC06455.jpg -78.69457352 35.72691911 181.04 0.0785485 -0.0124608 -3.02498
DSC06456.jpg -78.69454762 35.72667236 179.05 0.0627168 -0.0669981 -3.03511
DSC06476.jpg -78.69424488 35.72656256 174.13 -5.54561 2.05019 -1.79222
DSC06477.jpg -78.69425406 35.72677933 174.44 -5.81796 0.12265 -1.9938
DSC06478.jpg -78.69426692 35.72698153 174.82 -5.56325 1.00649 -2.40692
DSC06479.jpg -78.69427941 35.72716128 175.65 -5.09378 1.41619 -3.15363
DSC06480.jpg -78.69429172 35.72731587 175.35 -4.40439 0.842157 -4.24815
DSC06481.jpg -78.69431093 35.72754175 174.97 -4.38506 -1.35018 -4.13567
DSC06482.jpg -78.69432455 35.72773296 174.47 -4.81106 0.215747 -3.895
DSC06483.jpg -78.69433547 35.72791665 173.76 -5.63106 0.45412 -2.43232
